# yamllint disable
end-of-epoch: true
loss: 0.3127284651973111
mse: 0.3129141628742218
unixtime: 1716721184.3133645
